387
11825
14144
37865
59361
84649
90941
96119
97449
103920
207024
218764
222794
224052
224695
226441
227425
227426
228409
230499
256591
257881
263489
264380
271502
271504
272984
284822
287005
296045
304855
308899
308901
317184
321195
366514
366946
381317
381329
402614
411739
441319
453056
456604
464146
480886
563901
572433
584236
633529
666086
667342
667343
667344
689181
735235
746721
765714
802673
854759
858759
922673
942114
949694
973657
1021886
1029450
1046300
1056224
1063992
1063993
1089441
1151901
1152062
1167686
1197329
1198134
1198337
1198662
1210916
1219847
1247446
1260221
1260222
1300239
1302139
1303604
1323118
1323804
1333980
1339051
1339721
1349694
1355053
1355054
1365344
1396784
1404863
1420426
1433805
1449097
1470257
1470259
1491883
1498176
1591760
1624604
1666096
1678044
1688481
1688484
1697075
1709157
1720808
1737981
1745180
1758195
1792263
1794799
1799367
1799369
1799370
1802653
1862592
1874074
1886315
1886317
1908601
1921710
1921711
1937863
1987216
1989509
1998976
1998977
2003055
2008318
2011966
2027526
2042110
2051673
2051901
2062804
2066704
2067350
2070267
2070268
2088958
2088959
2097811
2103413
2106854
2107340
2110763
2114288
2142267
2168339
2176625
2179489
2197261
2197263
2203002
2225042
2235076
2255510
2312195
2320024
2320027
2320224
2322084
2339254
2349573
2357048
2364364
2380744
2381570
2382943
2383491
2406052
2421155
2422938
2445167
2491489
2512483
2560050
2561732
2581993
2587330
2601865
2607897
2611561
2637324
2653386
2715347
2717665
2723452
2723755
2726098
2746746
2751015
2755735
2758383
2758415
2761278
2762699
2764618
2766947
2770158
2778800
2783234
2784911
2786953
2795475
2800639
2809334
2809335
2817991
2827920
2834217
2885631
2900125
2903520
2906139
2906142
2920374
2934058
2955975
2955977
2969833
2984214
3032463
3033437
3036300
3036302
3055491
3104007
3130886
3160649
3173108
3186153
3186165
3191129
3191579
3191689
3204937
3208858
3212150
3214924
3244763
3259057
3269432
3270260
3317763
3320398
3326862
3332029
3354792
3393815
3394918
3394919
3403365
3417993
3423452
3423697
3433636
3439137
3448179
3449884
3466614
3470099
3478562
3478590
3511910
3513997
3521559
3522139
3559543
3566303
3573050
3609053
3619028
3633385
3676013
3699591
3709327
3716339
3725663
3737045
3767817
3767914
3770489
3776623
3793592
3793842
3793843
3797317
3797796
3806201
3808130
3842051
3842052
3863889
3898510
3898513
3900920
3913722
3924393
3928783
3931305
3942089
3942732
3944386
3945370
3945371
3946354
3948050
3948052
3948053
4035812
4036455
4038201
4039184
4039185
4040170
4087814
4095948
4106437
4117502
4155045
4166940
4167583
4169323
4170307
4170308
4171291
4190215
4196052
4208428
4209071
4210725
4211709
4211710
4212693
4213994
4220828
4221829
4224573
4245012
4260952
4268954
4268957
4273843
4310559
4327794
4349481
4397498
4405449
4406705
4425827
4427247
4433160
4497517
4497519
4497577
4498238
4498250
4500040
4501665
4501746
4501764
4501766
4501767
4507560
4530030
4531112
4537644
4550173
4556750
4567297
4567299
4567300
4575553
4580647
4599529
4605145
4606444
4606445
4626171
