1837
282
427
505
522
585
927
953
1056
1059
1272
1273
1612
1649
1667
1737
1756
2008
2043
2175
2183
2317
2324
2325
2375
2496
2497
2632
2749
2750
2753
3051
3221
3310
3317
3326
3327
3384
3385
3386
3579
3790
3791
3792
3834
3843
3908
3982
4101
4114
4131
4183
4361
4509
4510
4554
4631
4739
4778
4779
4885
4923
4994
5055
5153
5216
5258
5259
5456
5526
5596
5685
5784
5912
6108
6109
6143
6203
6275
6290
6439
6485
6638
6645
6646
6680
6681
6740
6755
7228
7235
7374
7430
7440
7441
7527
7697
8097
8119
8562
8609
8651
8727
8788
8897
8938
8973
9107
9143
9172
9197
9198
9248
9249
9262
9286
9287
9340
9347
9348
9703
9720
9774
9995
9996
10214
10238
10424
10665
10893
11178
11254
11352
11397
11683
11684
11706
12004
12022
12072
12073
12086
12295
12353
12356
12425
12480
12542
12613
12614
12687
12769
12884
12957
13061
13350
13372
13457
13605
13839
13891
13925
14288
14398
14512
14513
14614
14629
14746
14798
14832
14904
14927
15106
15149
15316
15371
15487
15488
15648
15691
15953
16032
16046
16216
16387
16388
16424
16537
16538
16575
16759
16769
17008
17051
17061
17062
17307
17704
17735
17838
17841
17884
18114
18115
18221
18371
18671
18672
18759
18802
18822
18956
18963
19072
19073
19074
19081
19082
19092
19449
19482
19491
19744
19745
19746
19976
20061
20194
20284
20374
20489
20578
20665
20686
20687
20830
20969
21011
21026
21029
21142
21285
21310
21397
21398
21432
21485
21578
21872
21909
21950
22112
22113
22243
22273
22609
22725
22911
23090
23171
23195
23278
23279
23427
23898
23991
24089
24175
24238
24239
24242
24286
24413
24554
24862
25115
25261
25422
25433
25506
25507
25812
25813
25814
25877
25878
25895
26118
26144
26334
26438
26521
26582
26631
26818
26858
26859
26930
26931
26984
27237
27331
27332
27434
27435
27712
27819
27828
28013
28123
28124
28144
28232
28241
28275
28470
28493
28597
28681
28743
28753
28826
28848
28934
28949
28996
28997
29086
29107
29146
29147
29172
29185
29296
29339
29561
29577
29578
29591
29612
29645
29646
29647
29752
29780
29781
29829
29882
29897
30012
30085
30086
30137
30206
30281
30334
30356
30399
30437
30517
30518
30617
30625
30645
30666
30667
30737
30787
30838
30839
30885
30893
31092
31131
31132
31146
31201
31227
31240
31328
31329
31354
31492
31523
31538
31582
31601
31640
31685
31745
31746
31753
31775
31776
31777
31791
31835
31983
32021
32039
32087
32097
32125
32209
32245
32246
32257
32302
32317
32372
32373
32375
32376
32388
32407
32451
32453
32545
32559
32615
32625
32626
32636
32787
32814
32930
33070
33137
33242
33244
33245
33300
33344
33499
33545
33573
33677
33763
33771
33788
33907
33939
33956
33964
33965
33991
34043
34073
34146
34165
34186
34235
34242
34243
34341
34342
34383
34384
34386
34425
34459
34460
34475
34508
34553
34580
34606
34607
34669
34670
34671
34741
34762
34915
34932
34933
35000
35029
35216
35217
35218
35219
35242
35333
35407
35457
35615
35626
35686
35745
35746
35763
35820
35952
35953
36005
36040
36047
36054
36063
36098
36100
36196
36243
36245
36246
36319
36329
36349
36351
36352
36353
36393
36395
36422
36423
36424
36456
36472
36507
36514
36533
36542
36552
36630
36631
36699
36745
36763
36908
36919
36932
36934
36950
36996
37023
37049
37060
37087
37107
37108
37117
37157
37376
37377
37378
37383
37392
37393
37409
37410
37423
37436
37465
37495
37496
37497
37498
37509
37653
37654
37724
37734
37735
37766
37799
37847
37870
37871
37872
37913
37914
37988
38012
38063
38104
38152
38159
38300
38319
38340
38341
38345
38375
38385
38418
38464
38600
38609
38614
38706
38717
38778
38809
38823
38939
38941
39056
39077
39119
39180
39182
39219
39301
39395
39422
39433
39503
39504
39597
39598
39673
39761
39776
39908
39919
39930
39932
39948
39958
40119
40183
40216
40231
40311
40353
40380
40403
40516
40574
40662
40663
40824
40825
40921
40922
40953
41032
41052
41071
41085
41087
41181
41182
41199
41201
41268
41269
41321
41350
41355
41362
41381
41382
41466
41493
41494
41518
41538
41574
41575
41606
41624
41625
41662
41687
41812
41836
41837
41846
41847
41855
41856
41878
41923
41931
42131
42226
42227
42332
42333
42351
42645
42696
42736
42855
42891
42892
42985
42986
42987
43002
43041
43263
43311
43358
43371
43465
43466
43467
43538
43597
43601
43632
43633
43635
43643
43665
43680
43682
43722
43761
43802
43874
43984
44089
44104
44125
44126
44148
44149
44251
44284
44359
44502
44516
44517
44525
44539
44540
44571
44605
44627
44628
44647
44654
44695
44753
44754
44780
44808
44865
44883
44900
44985
45006
45008
45039
45041
45101
45113
45114
45246
45278
45345
45390
45428
45577
45605
45725
45742
45743
45837
45838
45873
45930
46096
46097
46098
46107
46215
46235
46237
46238
46259
46285
46327
46336
46387
46388
46389
46520
46533
46569
46577
46603
46626
46627
46650
46732
46762
46836
46844
46845
46865
46944
47008
47030
47088
47089
47090
47097
47159
47214
47244
47313
47325
47327
47369
47370
47411
47412
47443
47444
47486
47615
47659
47661
47662
47710
47838
47848
47852
47871
47960
47961
47963
47974
48018
48080
48098
48111
48155
48163
48220
48221
48232
48256
48283
48284
48303
48311
48320
48321
48346
48394
48395
48406
48431
48519
48520
48521
48522
48601
48625
48684
48685
48696
48697
48747
48905
48936
49083
49154
49185
49209
49210
49238
49247
49264
49266
49267
49268
49296
49299
49322
49413
49416
49426
49427
49428
49442
49478
49511
49596
49617
49689
49703
49775
49776
49788
49836
49839
49848
49877
49892
49987
50027
50034
50035
50036
50058
50108
50122
50123
50134
50135
50150
50277
50304
50449
50686
50711
50718
50771
50856
50915
50916
50972
51043
51044
51096
51097
51133
51247
51268
51269
51270
51376
51405
51479
51480
51496
51497
51498
51506
51641
51669
51670
51689
51696
51721
51749
51752
51792
51934
51955
52183
52184
52195
52263
52318
52349
52370
52410
52456
52503
52544
52801
52849
52851
52852
52853
52860
52875
52931
52981
53044
53052
53067
53112
53136
53137
53298
53317
53372
53373
53446
53513
53514
53533
53587
53588
53652
53703
53715
53742
53744
53767
53882
53922
53984
53985
54139
54166
54169
54393
54394
54396
54408
54431
54454
54492
54495
54503
54555
54580
54583
54639
54640
54729
54731
54794
54795
54822
54823
54848
54849
54967
54976
54988
54989
54990
55009
55011
55021
55062
55093
55154
55181
55191
55224
55256
55264
55265
55266
55311
55331
55346
55347
55348
55479
55480
55612
55613
55671
55673
55680
55730
55731
55824
55853
55881
55967
56025
56038
56051
56100
56108
56109
56151
56152
56225
56234
56282
56283
56310
56362
56363
56374
56385
56386
56420
56440
56468
56507
56644
56756
56757
56850
56851
56863
56909
56910
56912
56992
56993
57260
57269
57483
57496
57574
57575
57599
57606
57630
57631
57655
57665
57673
57674
57675
57768
57802
57816
57875
57978
57980
58046
58062
58085
58176
58177
58185
58212
58270
58271
58288
58381
58421
58530
58604
58605
58613
58657
58750
58775
58776
58813
58821
58825
58838
58839
58841
58883
58921
59041
59049
59051
59127
59142
59241
59243
59248
59303
59344
59437
59438
59453
59569
59570
59571
59635
59676
59684
59739
59795
59919
60000
60150
60151
60206
60273
60289
60290
60296
60338
60454
60455
60489
60588
60618
60641
60660
60685
60698
60711
60736
60753
60754
60772
60773
60968
60985
61127
61145
61201
61242
61313
61337
61384
61438
61478
61584
61593
61620
61651
61652
61653
61801
61920
61928
61993
62041
62148
62149
62159
62241
62242
62412
62599
62600
62608
62625
62645
62646
62654
62662
62712
62733
62785
62901
62937
63014
63015
63103
63104
63105
63272
63273
63294
63295
63296
63358
63359
63444
63472
63484
63485
63502
63503
63515
63525
63526
63568
63618
63672
63743
63766
63820
63821
63823
63830
63936
63937
64003
64090
64212
64213
64240
64298
64299
64300
64301
64355
64356
64373
64416
64425
64436
64444
64445
64446
64447
64527
64572
64586
64587
64597
64713
64714
64756
64794
64802
64952
64953
64954
64956
65031
65045
65083
65084
65133
65134
65204
65206
65263
65420
65459
65461
65474
65502
65548
65572
65761
65784
65787
65802
65803
65848
65849
65929
65995
65996
66184
66208
66241
66256
66451
66460
66461
66493
66501
66502
66522
66523
66655
66656
66713
66793
66794
66822
66854
66855
66888
66988
67068
67108
67135
67225
67234
67236
67237
67386
67466
67489
67496
67614
67640
67670
67672
67680
67707
67756
67798
67891
67932
67933
67948
67992
68006
68080
68096
68097
68146
68147
68415
68437
68526
68592
68646
68663
68664
68674
68684
68685
68720
68721
68749
68757
68759
68775
68923
68990
69007
69303
69434
69561
69590
69612
69613
69614
69664
69723
69744
69754
69755
69757
69795
69796
69850
69895
69898
69938
69959
69961
69986
70016
70063
70092
70094
70220
70221
70251
70327
70328
70339
70424
70431
70433
70493
70511
70593
70594
70606
70693
70694
70745
70746
70831
70852
70854
70881
70882
70900
70901
71013
71014
71015
71068
71069
71095
71097
71124
71151
71167
71169
71219
71220
71242
71462
71469
71470
71471
71508
71619
71620
71621
71637
71801
71894
71940
71964
71995
71996
72025
72056
72137
72326
72411
72523
72566
72625
72655
72662
72755
72766
72767
72796
72797
72799
72883
72955
72990
72991
73031
73032
73033
73078
73079
73175
73194
73240
73515
73554
73563
73629
73638
73667
73681
73698
73699
73764
73782
73783
73794
73795
73805
73806
73807
73891
73920
73942
73943
73957
74011
74020
74040
74078
74109
74153
74251
74253
74254
74255
74284
74314
74420
74433
74500
74501
74513
74550
74562
74563
74571
74572
74598
74616
74623
74624
74768
74892
74893
74894
74895
74922
74923
75050
75057
75134
75152
75173
75196
75245
75262
75339
75342
75358
75419
75427
75428
75609
75610
75611
75681
75682
75700
75701
75726
75797
75823
75938
75966
75968
75990
75999
76125
76140
76144
76157
76158
76243
76263
76264
76323
76456
76464
76465
76522
76583
76596
76608
76730
76787
76788
76789
76812
76906
76933
76950
76951
76952
76953
77011
77029
77039
77067
77068
77120
77240
77305
77347
77348
77361
77471
77472
77611
77691
77692
77700
77743
77822
77890
77891
77898
77910
77912
78018
78042
78140
78174
78175
78204
78279
78291
78427
78500
78572
78628
78785
78796
78815
78865
79007
79040
79074
79075
79108
79109
79166
79211
79236
79321
79370
79371
79549
79696
79697
79785
79918
79920
79971
80036
80053
80084
80112
80180
80200
80201
80234
80343
80345
80366
80388
80413
80432
80433
80450
80481
80488
80498
80508
80559
80572
80593
80628
80630
80645
80697
80748
80749
80831
80864
80865
80866
80874
80875
80876
80883
80936
80967
81005
81013
81014
81016
81111
81113
81120
81173
81214
81239
81240
81255
81292
81293
81300
81318
81334
81335
81336
81388
81411
81459
81515
81517
81670
81699
81702
81945
81956
82027
82028
82083
82106
82147
82175
82176
82177
82221
82238
82254
82261
82306
82314
82339
82374
82392
82394
82417
82418
82419
82420
82454
82455
82456
82457
82488
82668
82688
82689
82690
82737
82758
83005
83075
83108
83109
83140
83182
83183
83184
83185
83232
83233
83270
83315
83333
83372
83374
83387
83395
83442
83493
83495
83521
83532
83552
83562
83629
83658
83807
83872
83883
83937
83967
83974
83975
84032
84033
84140
84238
84297
84323
84339
84385
84425
84447
84448
84534
84535
84536
84565
84567
84624
84643
84658
84660
84760
84761
84818
84820
84874
84882
84883
84890
84917
85065
85167
85168
85169
85302
85321
85349
85383
85385
85551
