1895
1
7
8
11
18
19
25
36
37
49
56
58
62
64
80
83
87
94
98
118
119
122
123
125
126
133
134
135
140
141
142
145
146
148
149
150
151
152
154
155
156
157
158
159
163
164
165
166
167
208
209
235
242
246
249
255
265
266
267
268
269
274
275
279
280
282
283
287
294
295
301
327
328
329
330
344
346
355
359
360
361
371
376
377
379
390
391
392
393
395
397
399
400
406
408
415
422
423
424
428
429
430
443
444
445
446
447
451
454
457
458
459
460
484
487
494
496
530
531
532
533
534
535
536
537
539
541
542
548
549
550
551
558
560
561
570
571
572
573
574
575
576
579
580
581
582
583
586
588
589
592
593
594
595
596
597
598
601
602
603
604
605
606
628
630
632
637
652
654
655
657
658
659
660
661
666
667
675
683
684
685
686
687
689
690
692
696
697
703
710
712
713
720
721
723
724
725
729
733
734
735
736
737
739
740
741
743
744
764
772
773
777
785
786
793
794
796
799
800
801
802
803
804
811
819
820
821
822
824
825
826
828
829
830
831
843
845
848
853
855
856
860
861
862
864
888
889
901
904
905
907
908
909
912
914
915
916
918
919
920
922
931
942
944
946
948
949
952
953
955
956
957
960
989
991
992
996
1003
1005
1006
1007
1008
1009
1010
1011
1012
1013
1016
1017
1018
1029
1031
1032
1038
1045
1048
1049
1050
1052
1053
1054
1055
1056
1057
1058
1060
1061
1062
1063
1064
1065
1066
1067
1068
1069
1070
1071
1072
1078
1079
1087
1088
1089
1090
1091
1109
1110
1115
1117
1118
1121
1123
1124
1133
1136
1140
1142
1143
1153
1154
1162
1163
1164
1168
1176
1178
1179
1181
1190
1191
1192
1193
1199
1202
1203
1205
1206
1207
1210
1211
1212
1214
1217
1218
1219
1222
1224
1225
1227
1228
1235
1238
1239
1240
1248
1249
1250
1252
1253
1254
1260
1261
1262
1290
1292
1316
1317
1318
1322
1323
1324
1325
1326
1328
1329
1331
1335
1343
1349
1350
1352
1358
1367
1368
1373
1374
1384
1386
1394
1396
1397
1398
1400
1401
1404
1414
1415
1427
1428
1429
1446
1447
1453
1454
1457
1463
1464
1468
1469
1475
1477
1479
1480
1481
1482
1483
1489
1491
1493
1494
1495
1496
1497
1503
1505
1519
1520
1521
1522
1526
1529
1530
1536
1540
1541
1542
1543
1544
1545
1549
1550
1551
1552
1554
1562
1563
1564
1566
1567
1568
1574
1575
1577
1585
1586
1590
1596
1601
1602
1603
1604
1607
1608
1614
1615
1617
1620
1621
1623
1627
1629
1630
1631
1632
1633
1638
1644
1645
1647
1673
1679
1708
1725
1726
1727
1729
1730
1731
1732
1733
1747
1751
1755
1756
1757
1761
1764
1771
1774
1775
1776
1777
1778
1779
1780
1781
1782
1783
1784
1787
1794
1795
1797
1798
1800
1804
1824
1833
1835
1836
1838
1845
1846
1847
1848
1849
1864
1865
1866
1867
1868
1869
1870
1871
1874
1881
1882
1886
1887
1888
1905
1907
1920
1922
1923
1924
1932
1934
1935
1936
1938
1968
1969
1976
1982
1990
1991
1992
1993
1998
1999
2001
2002
2019
2032
2034
2035
2036
2037
2038
2039
2043
2044
2045
2046
2047
2049
2057
2059
2068
2069
2076
2083
2088
2089
2090
2091
2092
2093
2094
2095
2098
2099
2100
2101
2102
2103
2108
2115
2121
2122
2127
2129
2130
2132
2133
2137
2138
2139
2141
2143
2145
2153
2154
2155
2156
2159
2160
2161
2162
2163
2164
2169
2170
2171
2173
2177
2178
2182
2184
2185
2189
2190
2195
2199
2201
2202
2203
2208
2209
2216
2224
2228
2229
2231
2232
2235
2236
2239
2240
2241
2242
2250
2251
2253
2256
2257
2259
2263
2264
2265
2266
2267
2268
2269
2275
2277
2278
2279
2280
2283
2286
2287
2289
2292
2293
2295
2299
2300
2301
2302
2305
2306
2307
2308
2309
2310
2311
2313
2315
2316
2319
2328
2329
2332
2333
2337
2343
2344
2345
2351
2357
2358
2359
2360
2361
2362
2368
2369
2370
2377
2379
2396
2397
2398
2400
2406
2415
2416
2417
2418
2431
2433
2435
2437
2443
2455
2463
2465
2467
2470
2472
2473
2474
2476
2487
2488
2489
2490
2491
2492
2494
2495
2498
2502
2505
2521
2527
2529
2531
2550
2551
2553
2555
2556
2559
2565
2567
2568
2572
2575
2577
2578
2579
2580
2581
2582
2583
2584
2585
2589
2590
2592
2594
2600
2602
2603
2604
2610
2611
2617
2619
2620
2625
2629
2631
2632
2647
2648
2649
2655
2657
2658
2659
2671
2672
2683
2685
2691
2695
2697
2698
2699
2701
2711
2713
2714
2717
2719
2720
2721
2730
2734
2735
2736
2737
2738
2741
2742
2754
2756
2758
2759
2760
2761
2762
2763
2769
2770
2772
2773
2774
2775
2776
2781
2782
2783
2784
2785
2786
2789
2790
2792
2798
2799
2801
2803
2804
2812
2813
2814
2815
2816
2817
2823
2837
2840
2841
2843
2844
2846
2848
2853
2855
2856
2857
2858
2859
2860
2863
2864
2865
2867
2868
2871
2872
2874
2876
2877
2879
2880
2881
2882
2883
2884
2889
2891
2898
2899
2900
2901
2903
2904
2905
2906
2907
2908
2912
2913
2917
2918
2919
2920
2921
2927
2928
2929
2930
2931
2933
2934
2944
2945
2949
2951
2952
2953
2960
2962
2976
2977
2979
2984
2985
2999
3061
3062
3066
3089
3091
3101
3103
3105
3112
3116
3117
3120
3122
3124
3125
3126
3127
3131
3136
3137
3138
3139
3143
3147
3148
3149
3150
3151
3152
3153
3158
3160
3165
3166
3168
3169
3171
3175
3180
3182
3183
3184
3186
3190
3191
3192
3198
3199
3211
3213
3216
3217
3228
3229
3231
3232
3234
3235
3236
3237
3238
3239
3245
3246
3247
3249
3250
3251
3252
3253
3265
3267
3268
3269
3270
3271
3272
3273
3282
3284
3291
3292
3293
3294
3295
3297
3298
3300
3304
3305
3307
3308
3312
3314
3316
3318
3324
3330
3337
3342
3344
3345
3346
3347
3350
3351
3352
3353
3355
3356
3357
3367
3371
3372
3373
3381
3383
3390
3393
3394
3396
3397
3399
3400
3401
3402
3404
3405
3422
3425
3426
3427
3439
3440
3442
3443
3445
3446
3447
3448
3449
3452
3453
3454
3461
3463
3467
3468
3469
3470
3472
3473
3474
3479
3480
3483
3491
3496
3497
3499
3507
3512
3513
3514
3520
3526
3527
3530
3531
3532
3533
3534
3541
3544
3545
3547
3551
3552
3554
3557
3564
3567
3571
3573
3577
3581
3582
3587
3588
3591
3595
3596
3600
3601
3608
3611
3612
3614
3615
3619
3621
3622
3623
3625
3627
3629
3636
3638
3639
3640
3641
3642
3643
3650
3654
3658
3662
3665
3677
3686
3687
3689
3695
3696
3711
3713
3739
3740
3744
3745
3749
3753
3754
3758
3766
3769
3777
3779
3780
3785
3787
3794
3795
3796
3798
3799
3800
3801
3802
3803
3806
3808
3809
3814
3818
3819
3824
3825
3831
3840
3851
3852
3853
3855
3865
3867
3869
3872
3875
3876
3877
3881
3883
3884
3889
3893
3894
3898
3899
3900
3901
3905
3909
3910
3911
3913
3915
3927
3934
3937
3944
3945
3946
3949
3950
3952
3954
3962
3963
3982
3983
3984
3993
3998
4000
4018
4019
4022
4030
4031
4033
4034
4036
4056
4057
4058
4059
4062
4079
4081
4082
4083
4084
4085
4088
4089
4090
4091
4092
4096
4098
4099
4100
4101
4102
4103
4104
4105
4113
4122
4127
4136
4137
4138
4139
4140
4141
4142
4149
4150
4152
4153
4157
4159
4160
4161
4162
4163
4167
4169
4170
4171
4172
4173
4177
4179
4180
4181
4182
4183
4186
4189
4190
4193
4195
4196
4197
4198
4199
4203
4206
4207
4208
4209
4210
4212
4213
4214
4216
4217
4218
4219
4220
4221
4222
4223
4224
4226
4227
4228
4230
4231
4232
4233
4234
4235
4236
4242
4248
4259
4270
4271
4280
4285
4287
4288
4289
4295
4296
4297
4298
4299
4300
4301
4302
4313
4315
4326
4327
4329
4333
4334
4335
4336
4337
4343
4345
4346
4347
4348
4350
4353
4355
4356
4358
4359
4361
4373
4374
4375
4376
4377
4383
4384
4385
4386
4399
4400
4401
4403
4404
4410
4418
4420
4422
4444
4445
4446
4458
4484
4485
4486
4487
4499
4500
4501
4504
4505
4506
4507
4508
4509
4510
4513
4514
4515
4516
4517
4518
4522
4523
4525
4526
4529
4532
4533
4541
4550
4551
4554
4556
4557
4561
4562
4563
4565
4578
4579
4580
4581
4582
4584
4586
4588
4589
4590
4591
4592
4599
4608
4609
4628
4632
4633
4634
4637
4638
4639
4640
4641
4642
4646
4647
4649
4652
4653
4655
4657
4658
4661
4671
4672
4673
4674
4675
4676
4681
4684
4691
4698
4702
4703
4704
4705
4717
4719
4721
4723
4730
4732
4737
4738
4739
4740
4741
4742
4755
4758
4759
4770
4771
4775
4780
4781
4782
4784
4785
4786
4789
4796
4797
4798
4799
4800
4801
4802
4805
4806
4807
4808
4809
4810
4812
4818
4819
4820
4822
4831
4832
4834
4842
4843
4844
4845
4852
4853
4854
4856
4857
4858
4860
4868
4881
4882
4883
4885
4886
4887
4888
4889
4890
4899
4904
4906
4910
4914
4916
4924
4926
4928
4930
4931
4937
4939
4940
4956
4957
4959
4960
4961
4963
4964
4966
4967
4969
4970
4974
4976
4980
4982
4986
4990
4991
4992
4994
4998
5000
5001
5002
5004
5008
5012
5014
5016
5017
5025
5026
5027
5028
5034
5036
5037
5039
5041
5043
5045
5047
5049
5051
5055
5056
5061
5062
5063
5067
5068
5069
5070
5071
5074
5075
5077
5079
5080
5083
5084
5085
5086
5087
5088
5089
5092
5093
5107
5109
5111
5114
5116
5118
5119
5134
5144
5145
5146
5152
5153
5154
5155
5156
5158
5159
5174
5175
5176
5177
5180
5181
5188
5189
5190
5192
5193
5196
5198
5199
5200
5203
5204
5205
5208
5209
5212
5214
5215
5226
5228
5230
5236
5240
5243
5246
5247
5248
5262
5263
5264
5265
5266
5267
5268
5269
5270
5271
5272
5273
5275
5276
5277
5278
5279
5280
5281
5282
5283
5284
5285
5286
5287
5288
5289
5294
5295
5296
5297
5298
5299
5300
5301
5302
5304
5305
5308
5309
5314
5315
5316
5317
5318
5319
5320
5321
5326
5332
5336
5340
5347
5348
5357
5363
5364
5367
5369
5371
5375
5376
5381
5383
5385
5395
5403
5404
5405
5409
5410
5412
5413
5414
5415
5416
5418
5419
5420
5421
5422
5423
5427
5434
5435
5441
5442
5443
5444
5445
5447
5448
5449
5450
5451
5452
5453
5454
5458
5460
5466
5474
5481
5484
5490
5492
5493
5494
5501
5502
5515
5521
5522
5523
5526
5529
5533
5539
5545
5559
5564
5565
5570
5571
5577
5579
5584
5589
5590
5593
5594
5595
5596
5597
5603
5607
5609
5610
5611
5614
5617
5618
5619
5624
5626
5627
5629
5636
5637
5638
5639
5640
5641
5647
5648
5649
5650
5652
5655
5656
5659
5660
5662
5675
5681
5685
5689
5690
5692
5693
5699
5708
5709
5711
5712
5713
5714
5715
5716
5720
5722
5723
5725
5726
5731
5736
5737
5738
5740
5744
5747
5752
5753
5754
5755
5756
5757
